3.99979e-17	0	0	0	0	0	0	0	0	0	0	0	0	0	0	0	0	0	0	0	0	0	0	0	0	0	0	0	0	0	0	0	0	0	0	0	0	0	0	0	0	0	0	0	0	0	0	0	0	0	0	0	0	0	0	0	0	0	0	0	0	0	0	0	0	0	0	0	0	0	0	0	0	0	0	0	0	0	0	1.95045e-15	1.34297e-12	3.34843e-10	3.72459e-08	1.8397e-06	3.5167e-05	0.000221783	0.00129907	0.00292846	0.00432596	0.00493122	0.00452271	0.0032488	0.00160706	0.000354736	5.50645e-05	2.91817e-06	8.43273e-08	1.28093e-09	9.50401e-12	3.22857e-14	
0	0	0	0	0	0	0	0	0	0	0	0	0	0	0	0	0	0	0	0	0	0	0	0	0	0	0	0	0	0	0	0	0	0	0	0	0	0	0	0	0	0	0	0	0	0	0	0	0	0	0	0	0	0	0	0	0	0	0	0	0	0	0	0	0	0	0	0	0	0	0	0	0	0	0	0	0	0	0	0	1.469e-15	8.28383e-13	1.6071e-10	1.27483e-08	3.7922e-07	3.23158e-06	2.70115e-05	6.38353e-05	9.55059e-05	0.000109234	9.99678e-05	7.10908e-05	3.39555e-05	6.01392e-06	6.24987e-07	2.14249e-08	4.28175e-10	4.42975e-12	2.02918e-14	3.23363e-17	
0	0	0	0	0	0	0	0	0	0	0	0	0	0	0	0	0	0	0	1.14364e-19	2.41561e-19	1.80869e-20	0	0	0	0	0	0	0	0	0	0	0	0	0	0	0	0	0	0	0	0	0	0	0	0	0	0	0	0	0	0	0	0	0	0	0	0	0	0	0	0	0	0	0	0	0	0	0	0	0	0	0	0	0	0	0	0	0	0	0	7.941e-16	3.47007e-13	4.76181e-11	2.2265e-09	2.59892e-08	2.83475e-07	6.86617e-07	1.03361e-06	1.18405e-06	1.0825e-06	7.66099e-07	3.59444e-07	5.52464e-08	3.83551e-09	8.58925e-11	1.17789e-12	7.69825e-15	1.67717e-17	0	
0	0	0	0	0	0	0	0	0	0	0	0	0	0	0	0	2.48949e-18	1.11012e-17	2.19715e-17	1.98034e-16	3.85701e-16	5.43756e-17	1.73534e-17	7.2217e-18	5.59576e-19	0	0	0	0	0	0	0	0	0	0	0	0	0	0	0	0	0	0	0	0	0	0	0	0	0	0	0	0	0	0	0	0	0	0	0	0	0	0	0	0	0	0	0	0	0	0	0	0	0	0	0	0	0	0	0	0	0	2.94784e-16	9.05869e-14	7.22207e-12	1.20422e-10	1.62514e-09	3.99566e-09	6.03627e-09	6.921e-09	6.32381e-09	4.46307e-09	2.07178e-09	2.88223e-10	1.29466e-11	1.81456e-13	1.61319e-15	5.22305e-18	0	0	
0	0	0	0	0	0	0	0	0	0	0	0	0	0	8.14703e-19	3.36902e-17	3.7806e-15	1.65521e-14	3.24954e-14	1.43741e-13	2.55784e-13	5.6679e-14	2.57988e-14	1.07975e-14	9.06271e-16	1.14143e-17	0	0	0	0	0	0	0	0	0	0	0	0	0	0	0	0	0	0	0	0	0	0	0	0	0	0	0	0	0	0	0	0	0	0	0	0	0	0	0	0	0	0	0	0	0	0	0	0	0	0	0	0	0	0	0	0	0	6.87452e-17	1.21444e-14	3.19049e-13	5.15935e-12	1.28146e-11	1.94037e-11	2.22603e-11	2.03321e-11	1.43239e-11	6.60184e-12	8.51665e-13	2.25852e-14	1.72755e-16	8.28926e-19	0	0	0	
0	0	0	0	0	0	0	0	0	0	0	0	0	8.53746e-18	1.39902e-15	4.6479e-14	2.3322e-12	9.98297e-12	1.94265e-11	5.67196e-11	9.14366e-11	2.91697e-11	1.55061e-11	6.53533e-12	6.00957e-13	1.63978e-14	8.33793e-17	0	0	0	0	0	0	0	0	0	0	0	0	0	0	0	0	0	0	0	0	0	0	0	0	0	0	0	0	0	0	0	0	0	0	0	0	0	0	0	0	0	0	0	0	0	0	0	0	0	0	0	0	0	0	0	0	0	8.25595e-18	4.47517e-16	8.50831e-15	2.12915e-14	3.22916e-14	3.70602e-14	3.38415e-14	2.38113e-14	1.09175e-14	1.32543e-15	1.58922e-17	4.02386e-20	0	0	0	0	
0	0	0	0	0	0	0	0	0	0	0	0	3.97851e-17	1.20703e-14	9.62078e-13	2.57628e-11	7.50842e-10	3.12106e-09	6.01295e-09	1.31837e-08	1.91386e-08	8.30653e-09	4.82672e-09	2.05309e-09	2.10541e-10	9.51061e-12	1.08033e-13	3.34011e-16	0	0	0	0	0	0	0	0	0	0	0	0	0	0	0	0	0	0	0	0	0	0	0	0	0	0	0	0	0	0	0	0	0	0	0	0	0	0	0	0	0	0	0	0	0	0	0	0	0	0	0	0	0	0	0	0	0	2.56892e-19	5.6828e-18	1.43046e-17	2.17216e-17	2.49366e-17	2.27666e-17	1.60038e-17	7.30806e-18	8.42891e-19	0	0	0	0	0	0	
0	0	0	0	0	0	0	0	0	0	0	1.08696e-16	4.88599e-14	6.82909e-12	3.42463e-10	7.34203e-09	1.34932e-07	5.38333e-07	1.02455e-06	1.82502e-06	2.38414e-06	1.34303e-06	8.27553e-07	3.56655e-07	4.19742e-08	2.85462e-09	5.57875e-11	3.87561e-13	8.59487e-16	0	0	0	0	0	0	0	0	0	0	0	0	0	0	0	0	0	0	0	0	0	0	0	0	0	0	0	0	0	0	0	0	0	0	0	0	0	0	0	0	0	0	0	0	0	0	0	0	0	0	0	0	0	0	0	0	0	0	0	0	0	0	0	0	0	0	0	0	0	0	0	
0	0	0	0	0	0	0	0	0	0	1.92952e-16	1.15659e-13	2.36622e-11	1.98155e-09	6.78925e-08	1.14269e-06	1.3441e-05	5.03452e-05	9.4224e-05	0.000144495	0.000171302	0.000119207	7.6672e-05	3.37459e-05	4.78414e-06	4.72273e-07	1.46557e-08	1.7676e-10	8.8436e-13	1.53346e-15	0	0	0	0	0	0	0	0	0	0	0	0	0	0	0	0	0	0	0	0	0	0	0	0	0	0	0	0	0	0	0	0	0	0	0	0	0	0	0	0	0	0	0	0	0	0	0	0	0	0	0	0	0	0	0	0	0	0	0	0	0	0	0	0	0	0	0	0	0	0	
0	0	0	0	0	0	0	0	0	2.32635e-16	1.74916e-13	4.75536e-11	5.7594e-09	3.14192e-07	7.49579e-06	9.51549e-05	0.000696111	0.00233521	0.00425003	0.00588317	0.00646488	0.00523855	0.0034944	0.00160049	0.000297976	4.24025e-05	2.0724e-06	4.02945e-08	3.52159e-10	1.38208e-12	1.97225e-15	0	0	0	0	0	0	0	0	0	0	0	0	0	0	0	0	0	0	0	0	0	0	0	0	0	0	0	0	0	0	0	0	0	0	0	0	0	0	0	0	0	0	0	0	0	0	0	0	0	0	0	0	0	0	0	0	0	0	0	0	0	0	0	0	0	0	0	0	0	
0	0	0	0	0	0	0	0	1.92952e-16	1.74916e-13	5.96024e-11	9.56125e-09	7.44794e-07	2.68713e-05	0.000435925	0.00385657	0.0165285	0.0442866	0.075628	0.0979611	0.103242	0.0908551	0.0634536	0.0319929	0.00915172	0.00189935	0.000153569	4.83185e-06	6.87361e-08	4.73257e-10	1.53146e-12	1.85804e-15	0	0	0	0	0	0	0	0	0	0	0	0	0	0	0	0	0	0	0	0	0	0	0	0	0	0	0	0	0	0	0	0	0	0	0	0	0	0	0	0	0	0	0	0	0	0	0	0	0	0	0	0	0	0	0	0	0	0	0	0	0	0	0	0	0	0	0	0	
0	0	0	0	0	0	0	1.08696e-16	1.15659e-13	4.75536e-11	9.56125e-09	9.83787e-07	4.99536e-05	0.00115125	0.0118209	0.0619085	0.152967	0.257332	0.357517	0.425589	0.442665	0.403636	0.319851	0.214405	0.113932	0.0355112	0.00536771	0.000294513	6.8845e-06	7.757e-08	4.41092e-10	1.21362e-12	1.27896e-15	0	0	0	0	0	0	0	0	0	0	0	0	0	0	0	0	0	0	0	0	0	0	0	0	0	0	0	0	0	0	0	0	0	0	0	0	0	0	0	0	0	0	0	0	0	0	0	0	0	0	0	0	0	0	0	0	0	0	0	0	0	0	0	0	0	0	0	
0	0	0	0	0	0	3.97851e-17	4.88599e-14	2.36622e-11	5.7594e-09	7.44794e-07	4.99536e-05	0.00159514	0.0214421	0.120859	0.286584	0.510921	0.762796	0.98493	1.12853	1.16359	1.08291	0.903128	0.662401	0.414789	0.213851	0.0709924	0.00813995	0.00033982	6.32355e-06	5.88343e-08	2.83968e-10	6.77263e-13	6.28943e-16	0	0	0	0	0	0	0	0	0	0	0	0	0	0	0	0	0	0	0	0	0	0	0	0	0	0	0	0	0	0	0	0	0	0	0	0	0	0	0	0	0	0	0	0	0	0	0	0	0	0	0	0	0	0	0	0	0	0	0	0	0	0	0	0	0	0	
0	0	0	0	0	8.53746e-18	1.20703e-14	6.82909e-12	1.98155e-09	3.14192e-07	2.68713e-05	0.00115125	0.0214421	0.145955	0.377704	0.736966	1.17534	1.61364	1.97601	2.20267	2.25729	2.1312	1.84446	1.44345	0.995428	0.579829	0.271657	0.0820331	0.00735451	0.000243645	3.718e-06	2.91745e-08	1.21414e-10	2.54066e-13	2.09909e-16	0	0	0	0	0	0	0	0	0	0	0	0	0	0	0	0	0	0	0	0	0	0	0	0	0	0	0	0	0	0	0	0	0	0	0	0	0	0	0	0	0	0	0	0	0	0	0	0	0	0	0	0	0	0	0	0	0	0	0	0	0	0	0	0	0	
0	0	0	0	8.14703e-19	1.39902e-15	9.62078e-13	3.42463e-10	6.78925e-08	7.49579e-06	0.000435925	0.0118209	0.120859	0.377704	0.826271	1.42979	2.09596	2.72633	3.23178	3.54279	3.61724	3.4451	3.04958	2.48452	1.82836	1.17532	0.624189	0.256363	0.0579699	0.00390927	0.00010283	1.29685e-06	8.65385e-09	3.12801e-11	5.77756e-14	4.26718e-17	0	0	0	0	0	0	0	0	0	0	0	0	0	0	0	0	0	0	0	0	0	0	0	0	0	0	0	0	0	0	0	0	0	0	0	0	0	0	0	0	0	0	0	0	0	0	0	0	0	0	0	0	0	0	0	0	0	0	0	0	0	0	0	0	
0	0	0	0	3.36902e-17	4.6479e-14	2.57628e-11	7.34203e-09	1.14269e-06	9.51549e-05	0.00385657	0.0619085	0.286584	0.736966	1.42979	2.27557	3.1626	3.97815	4.62115	5.0131	5.10656	4.89026	4.3903	3.66738	2.81018	1.92588	1.12841	0.524406	0.176247	0.0230365	0.0010594	2.12551e-05	2.17063e-07	1.2159e-09	3.77855e-12	6.1027e-15	3.99094e-18	0	0	0	0	0	0	0	0	0	0	0	0	0	0	0	0	0	0	0	0	0	0	0	0	0	0	0	0	0	0	0	0	0	0	0	0	0	0	0	0	0	0	0	0	0	0	0	0	0	0	0	0	0	0	0	0	0	0	0	0	0	0	0	
0	0	0	2.48949e-18	3.7806e-15	2.3322e-12	7.50842e-10	1.34932e-07	1.3441e-05	0.000696111	0.0165285	0.152967	0.510921	1.17534	2.09596	3.1626	4.24993	5.23292	6.00001	6.46487	6.57545	6.31937	5.72529	4.85983	3.82068	2.7263	1.70348	0.87376	0.334088	0.0744871	0.00453282	0.000108636	1.27041e-06	7.97679e-09	2.74413e-11	4.867e-14	3.47614e-17	0	0	0	0	0	0	0	0	0	0	0	0	0	0	0	0	0	0	0	0	0	0	0	0	0	0	0	0	0	0	0	0	0	0	0	0	0	0	0	0	0	0	0	0	0	0	0	0	0	0	0	0	0	0	0	0	0	0	0	0	0	0	0	
0	0	0	1.11012e-17	1.65521e-14	9.98297e-12	3.12106e-09	5.38333e-07	5.03452e-05	0.00233521	0.0442866	0.257332	0.762796	1.61364	2.72633	3.97815	5.23292	6.35553	7.22595	7.75148	7.87629	7.58714	6.91472	5.93052	4.7395	3.46932	2.25722	1.23585	0.517226	0.144055	0.0141588	0.000572297	1.0887e-05	1.08784e-07	6.0508e-10	1.88223e-12	3.05854e-15	2.01984e-18	0	0	0	0	0	0	0	0	0	0	0	0	0	0	0	0	0	0	0	3.26925e-20	3.74782e-19	6.68843e-19	6.31928e-19	2.95756e-19	4.61085e-21	0	0	0	0	0	0	0	0	0	0	0	0	0	0	0	0	0	0	0	0	0	0	0	0	0	0	0	0	0	0	0	0	0	0	0	0	0	
0	0	0	2.19715e-17	3.24954e-14	1.94265e-11	6.01295e-09	1.02455e-06	9.4224e-05	0.00425003	0.075628	0.357517	0.98493	1.97601	3.23178	4.62115	6.00001	7.22595	8.17275	8.74309	8.87841	8.56483	7.83453	6.76252	5.45905	4.05848	2.70565	1.54123	0.686327	0.209485	0.0301753	0.0015075	3.18997e-05	3.3846e-07	1.95528e-09	6.24378e-12	1.03455e-14	6.93774e-18	0	0	0	0	0	0	0	0	0	0	0	0	0	0	0	0	5.27559e-19	3.45422e-18	7.97643e-18	6.30407e-17	5.71242e-16	1.00713e-15	9.52404e-16	4.54146e-16	2.03644e-17	6.85653e-18	2.71831e-18	2.26165e-19	0	0	0	0	0	0	0	0	0	0	0	0	0	0	0	0	0	0	0	0	0	0	0	0	0	0	0	0	0	0	0	0	0	0	
0	0	1.14364e-19	1.98034e-16	1.43741e-13	5.67196e-11	1.31837e-08	1.82502e-06	0.000144495	0.00588317	0.0979611	0.425589	1.12853	2.20267	3.54279	5.0131	6.46487	7.75148	8.74309	9.33971	9.4812	9.15329	8.38904	7.2655	5.896	4.41876	2.98307	1.73425	0.798453	0.256093	0.0433468	0.00229392	4.96693e-05	5.33017e-07	3.09947e-09	9.93939e-12	1.65175e-14	1.11012e-17	0	0	0	0	0	0	0	0	0	0	0	0	0	0	6.31928e-19	9.97381e-18	8.16602e-16	5.16274e-15	1.18317e-14	5.01835e-14	3.55696e-13	6.16845e-13	5.84053e-13	2.85553e-13	2.37635e-14	1.02122e-14	4.06988e-15	3.66313e-16	6.18864e-18	2.05057e-19	0	0	0	0	0	0	0	0	0	0	0	0	0	0	0	0	0	0	0	0	0	0	0	0	0	0	0	0	0	0	0	0	
0	0	2.41561e-19	3.85701e-16	2.55784e-13	9.14366e-11	1.91386e-08	2.38414e-06	0.000171302	0.00646488	0.103242	0.442665	1.16359	2.25729	3.61724	5.10656	6.57545	7.87629	8.87841	9.4812	9.62413	9.29287	8.52065	7.38502	6.00002	4.50478	3.04962	1.78096	0.826088	0.267929	0.0468297	0.00250297	5.43988e-05	5.84816e-07	3.40411e-09	1.09232e-11	1.81605e-14	1.22092e-17	0	0	0	0	0	0	0	0	0	0	0	0	0	8.17133e-18	1.00172e-15	1.41134e-14	5.15501e-13	3.1234e-12	7.09537e-12	2.13995e-11	1.16689e-10	1.97692e-10	1.87522e-10	9.49263e-11	1.28224e-11	6.14998e-12	2.46783e-12	2.43246e-13	8.95621e-15	3.53143e-16	3.5181e-18	0	0	0	0	0	0	0	0	0	0	0	0	0	0	0	0	0	0	0	0	0	0	0	0	0	0	0	0	0	0	0	
0	0	1.80869e-20	5.43756e-17	5.6679e-14	2.91697e-11	8.30653e-09	1.34303e-06	0.000119207	0.00523855	0.0908551	0.403636	1.08291	2.1312	3.4451	4.89026	6.31937	7.58714	8.56483	9.15329	9.29287	8.96941	8.2157	7.10817	5.75917	4.30575	2.89582	1.67325	0.76264	0.240948	0.0389639	0.0020314	4.37333e-05	4.68012e-07	2.71717e-09	8.70466e-12	1.44556e-14	9.71038e-18	0	0	0	0	0	0	0	0	0	0	0	7.92787e-26	4.7823e-17	1.1384e-14	6.44566e-13	8.05142e-12	1.70892e-10	9.8062e-10	2.20378e-09	5.29568e-09	2.17266e-08	3.5561e-08	3.38251e-08	1.80055e-08	3.72796e-09	1.9186e-09	7.7723e-10	8.54998e-11	5.2353e-12	2.46609e-13	5.10088e-15	2.41307e-17	0	0	0	0	0	0	0	0	0	0	0	0	0	0	0	0	0	0	0	0	0	0	0	0	0	0	0	0	0	0	
0	0	0	1.73534e-17	2.57988e-14	1.55061e-11	4.82672e-09	8.27553e-07	7.6672e-05	0.0034944	0.0634536	0.319851	0.903128	1.84446	3.04958	4.3903	5.72529	6.91472	7.83453	8.38904	8.52065	8.2157	7.50585	6.46486	5.20114	3.84666	2.54363	1.42987	0.623351	0.184355	0.0235755	0.00111764	2.31134e-05	2.42328e-07	1.38999e-09	4.41776e-12	7.29514e-15	4.87951e-18	0	0	0	0	0	0	0	0	0	0	6.3423e-25	1.69667e-16	6.00449e-14	6.37068e-12	2.16665e-10	2.37182e-09	3.19449e-08	1.70201e-07	3.77063e-07	7.68518e-07	2.31267e-06	3.5894e-06	3.42945e-06	1.96815e-06	6.07042e-07	3.29852e-07	1.3553e-07	1.71501e-08	1.58409e-09	9.02507e-11	2.98189e-12	3.12687e-14	9.43688e-17	0	0	0	0	0	0	0	0	0	0	0	0	0	0	0	0	0	0	0	0	0	0	0	0	0	0	0	0	0	
0	0	0	7.2217e-18	1.07975e-14	6.53533e-12	2.05309e-09	3.56655e-07	3.37459e-05	0.00160049	0.0319929	0.214405	0.662401	1.44345	2.48452	3.66738	4.85983	5.93052	6.76252	7.2655	7.38502	7.10817	6.46486	5.52481	4.39029	3.18554	2.04397	1.09412	0.442906	0.116045	0.00901387	0.00029363	4.79599e-06	4.30868e-08	2.21809e-10	6.50262e-13	1.00745e-15	6.39226e-19	0	0	0	0	0	0	0	0	0	2.2198e-24	4.11357e-16	1.91853e-13	2.99556e-11	1.83371e-09	4.07933e-08	3.83727e-07	3.36846e-06	1.60827e-05	3.48734e-05	6.27709e-05	0.000135832	0.000193892	0.00018665	0.000120022	5.3832e-05	3.06793e-05	1.29051e-05	1.97544e-06	2.64107e-07	1.86555e-08	9.0143e-10	1.61438e-11	1.09504e-13	2.42626e-16	0	0	0	0	0	0	0	0	0	0	0	0	0	0	0	0	0	0	0	0	0	0	0	0	0	0	0	0	
0	0	0	5.59576e-19	9.06271e-16	6.00957e-13	2.10541e-10	4.19742e-08	4.78414e-06	0.000297976	0.00915172	0.113932	0.414789	0.995428	1.82836	2.81018	3.82068	4.7395	5.45905	5.896	6.00002	5.75917	5.20114	4.39029	3.4209	2.40713	1.47091	0.728358	0.266167	0.0500221	0.00279027	6.30974e-05	7.04976e-07	4.25952e-09	1.41687e-11	2.4385e-14	1.69475e-17	0	0	0	0	0	0	0	0	0	4.43961e-24	7.26623e-16	4.17095e-13	8.52398e-11	7.57837e-09	2.88724e-07	4.28876e-06	3.34705e-05	0.000190594	0.000761059	0.00158792	0.00259454	0.0040833	0.00514866	0.00501773	0.00378455	0.00235247	0.00140771	0.000619616	0.000125228	2.38563e-05	2.18678e-06	1.50261e-07	4.24142e-09	4.99909e-11	2.50748e-13	4.41052e-16	0	0	0	0	0	0	0	0	0	0	0	0	0	0	0	0	0	0	0	0	0	0	0	0	0	0	0	
0	0	0	0	1.14143e-17	1.63978e-14	9.51061e-12	2.85462e-09	4.72273e-07	4.24025e-05	0.00189935	0.0355112	0.213851	0.579829	1.17532	1.92588	2.7263	3.46932	4.05848	4.41876	4.50478	4.30575	3.84666	3.18554	2.40713	1.61358	0.913048	0.403987	0.12327	0.0114912	0.000415379	7.1265e-06	6.5186e-08	3.35497e-10	9.7186e-13	1.47516e-15	9.10562e-19	0	0	0	0	0	0	0	0	5.54951e-24	9.69809e-16	6.56955e-13	1.64301e-10	1.89413e-08	1.02875e-06	2.44363e-05	0.000237588	0.00143658	0.00522637	0.0151491	0.0288831	0.0432917	0.0543892	0.0603137	0.0596279	0.0525394	0.0405613	0.0259733	0.0127481	0.00395798	0.00106942	0.000138492	1.36329e-05	6.00713e-07	1.14291e-08	1.00599e-10	4.02661e-13	5.89466e-16	0	0	0	0	0	0	0	0	0	0	0	0	0	0	0	0	0	0	0	0	0	0	0	0	0	0	
0	0	0	0	0	8.33793e-17	1.08033e-13	5.57875e-11	1.46557e-08	2.0724e-06	0.000153569	0.00536771	0.0709924	0.271657	0.624189	1.12841	1.70348	2.25722	2.70565	2.98307	3.04962	2.89582	2.54363	2.04397	1.47091	0.913048	0.461207	0.176896	0.0280708	0.00153445	3.56568e-05	4.13642e-07	2.59422e-09	8.92606e-12	1.58218e-14	1.12754e-17	0	0	0	0	0	0	0	0	4.43961e-24	9.95593e-16	7.75612e-13	2.28071e-10	3.19442e-08	2.21988e-06	7.30111e-05	0.00101956	0.00615085	0.0248554	0.0590393	0.100936	0.147396	0.190635	0.223794	0.240994	0.239034	0.21828	0.18259	0.138103	0.0919785	0.0514072	0.0196917	0.0042404	0.00062287	4.47798e-05	1.37988e-06	1.98869e-08	1.40613e-10	4.69804e-13	5.89466e-16	0	0	0	0	0	0	0	0	0	0	0	0	0	0	0	0	0	0	0	0	0	0	0	0	0	
0	0	0	0	0	0	3.34011e-16	3.87561e-13	1.7676e-10	4.02945e-08	4.83185e-06	0.000294513	0.00813995	0.0820331	0.256363	0.524406	0.87376	1.23585	1.54123	1.73425	1.78096	1.67325	1.42987	1.09412	0.728358	0.403987	0.176896	0.0381977	0.00292761	8.87406e-05	1.27159e-06	9.49697e-09	3.79383e-11	7.6654e-14	6.14142e-17	0	0	0	0	0	0	0	0	2.2198e-24	7.87535e-16	6.94957e-13	2.34907e-10	3.85571e-08	3.22677e-06	0.000133128	0.00244571	0.0175414	0.0616449	0.127375	0.214879	0.317686	0.421397	0.511779	0.577395	0.610291	0.606578	0.56669	0.495365	0.401298	0.296565	0.195745	0.112411	0.0508414	0.0122122	0.00159412	8.53886e-05	2.03636e-06	2.37662e-08	1.40613e-10	4.02661e-13	4.41052e-16	0	0	0	0	0	0	0	0	0	0	0	0	0	0	0	0	0	0	0	0	0	0	0	0	
0	0	0	0	0	0	0	8.59487e-16	8.8436e-13	3.52159e-10	6.87361e-08	6.8845e-06	0.00033982	0.00735451	0.0579699	0.176247	0.334088	0.517226	0.686327	0.798453	0.826088	0.76264	0.623351	0.442906	0.266167	0.12327	0.0280708	0.00292761	0.000119094	2.16692e-06	1.96767e-08	9.26324e-11	2.15592e-13	1.95576e-16	0	0	0	0	0	0	0	0	6.3423e-25	4.73192e-16	4.68905e-13	1.80079e-10	3.40454e-08	3.33526e-06	0.000164214	0.00367427	0.03137	0.0985909	0.202717	0.350137	0.525153	0.707912	0.879123	1.02191	1.12285	1.17275	1.16714	1.10651	0.996324	0.846659	0.671694	0.488886	0.317823	0.178124	0.0825231	0.0223436	0.00244273	0.000104605	2.03636e-06	1.98869e-08	1.00599e-10	2.50748e-13	2.42626e-16	0	0	0	0	0	0	0	0	0	0	0	0	0	0	0	0	0	0	0	0	0	0	0	
0	0	0	0	0	0	0	0	1.53346e-15	1.38208e-12	4.73257e-10	7.757e-08	6.32355e-06	0.000243645	0.00390927	0.0230365	0.0744871	0.144055	0.209485	0.256093	0.267929	0.240948	0.184355	0.116045	0.0500221	0.0114912	0.00153445	8.87406e-05	2.16692e-06	2.49039e-08	1.42196e-10	3.89329e-13	4.06263e-16	0	0	0	0	0	0	0	0	7.92787e-26	2.08952e-16	2.313e-13	1.00325e-10	2.16953e-08	2.4659e-06	0.000142931	0.00380393	0.038057	0.122269	0.263979	0.469821	0.720245	0.991238	1.25893	1.50119	1.69884	1.83669	1.90435	1.89676	1.81448	1.66368	1.45575	1.20675	0.936556	0.667735	0.424342	0.229996	0.101902	0.02683	0.00244273	8.53886e-05	1.37988e-06	1.14291e-08	4.99909e-11	1.09504e-13	9.43688e-17	0	0	0	0	0	0	0	0	0	0	0	0	0	0	0	0	0	0	0	0	0	0	
0	0	0	0	0	0	0	0	0	1.97225e-15	1.53146e-12	4.41092e-10	5.88343e-08	3.718e-06	0.00010283	0.0010594	0.00453282	0.0141588	0.0301753	0.0433468	0.0468297	0.0389639	0.0235755	0.00901387	0.00279027	0.000415379	3.56568e-05	1.27159e-06	1.96767e-08	1.42196e-10	4.72057e-13	5.79346e-16	0	0	0	0	0	0	0	0	0	6.38373e-17	7.86862e-14	3.84221e-11	9.47849e-09	1.24885e-06	8.55244e-05	0.00274513	0.0335065	0.124575	0.290102	0.542202	0.860453	1.21822	1.5879	1.94258	2.25745	2.51109	2.68656	2.7723	2.76269	2.65836	2.46615	2.19875	1.87408	1.51432	1.14483	0.792764	0.485674	0.249621	0.101902	0.0223436	0.00159412	4.47798e-05	6.00713e-07	4.24142e-09	1.61438e-11	3.12687e-14	2.41307e-17	0	0	0	0	0	0	0	0	0	0	0	0	0	0	0	0	0	0	0	0	0	
0	0	0	0	0	0	0	0	0	0	1.85804e-15	1.21362e-12	2.83968e-10	2.91745e-08	1.29685e-06	2.12551e-05	0.000108636	0.000572297	0.0015075	0.00229392	0.00250297	0.0020314	0.00111764	0.00029363	6.30974e-05	7.1265e-06	4.13642e-07	9.49697e-09	9.26324e-11	3.89329e-13	5.79346e-16	0	0	0	0	0	0	0	0	0	1.20236e-17	1.65169e-14	9.0869e-12	2.56113e-09	3.92677e-07	3.20961e-05	0.00127631	0.0204627	0.104744	0.272493	0.549123	0.91714	1.34895	1.81446	2.2829	2.72445	3.11171	3.4211	3.634	3.73773	3.72611	3.59984	3.36643	3.0398	2.63965	2.19043	1.72014	1.25891	0.837499	0.485674	0.229996	0.0825231	0.0122122	0.00062287	1.36329e-05	1.50261e-07	9.0143e-10	2.98189e-12	5.10088e-15	3.5181e-18	0	0	0	0	0	0	0	0	0	0	0	0	0	0	0	0	0	0	0	0	
0	0	0	0	0	0	0	0	0	0	0	1.27896e-15	6.77263e-13	1.21414e-10	8.65385e-09	2.17063e-07	1.27041e-06	1.0887e-05	3.18997e-05	4.96693e-05	5.43988e-05	4.37333e-05	2.31134e-05	4.79599e-06	7.04976e-07	6.5186e-08	2.59422e-09	3.79383e-11	2.15592e-13	4.06263e-16	0	0	0	0	0	0	0	0	0	1.04918e-18	1.64594e-15	1.0447e-12	3.44811e-10	6.33084e-08	6.41823e-06	0.000336152	0.00793901	0.0695283	0.216906	0.488886	0.879096	1.36125	1.90432	2.47508	3.03979	3.56588	4.02349	4.38701	4.63623	4.75739	4.74383	4.59629	4.32289	3.93875	3.46524	2.92893	2.36034	1.79241	1.25891	0.792764	0.424342	0.178124	0.0508414	0.0042404	0.000138492	2.18678e-06	1.86555e-08	9.02507e-11	2.46609e-13	3.53143e-16	2.05057e-19	0	0	0	0	0	0	0	0	0	0	0	0	0	0	0	0	0	0	0	
0	0	0	0	0	0	0	0	0	0	0	0	6.28943e-16	2.54066e-13	3.12801e-11	1.2159e-09	7.97679e-09	1.08784e-07	3.3846e-07	5.33017e-07	5.84816e-07	4.68012e-07	2.42328e-07	4.30868e-08	4.25952e-09	3.35497e-10	8.92606e-12	7.6654e-14	1.95576e-16	0	0	0	0	0	0	0	0	0	0	1.67588e-17	2.31701e-14	1.28746e-11	3.67937e-09	5.74444e-07	4.7994e-05	0.0019505	0.0312794	0.142519	0.376502	0.753824	1.25305	1.84411	2.49304	3.16372	3.81968	4.42577	4.94989	5.36453	5.64804	5.78566	5.77027	5.60264	5.2915	4.85302	4.31013	3.69139	3.02961	2.36034	1.72014	1.14483	0.667735	0.317823	0.112411	0.0196917	0.00106942	2.38563e-05	2.64107e-07	1.58409e-09	5.2353e-12	8.95621e-15	6.18864e-18	0	0	0	0	0	0	0	0	0	0	0	0	0	0	0	0	0	0	0	
0	0	0	0	0	0	0	0	0	0	0	0	0	2.09909e-16	5.77756e-14	3.77855e-12	2.74413e-11	6.0508e-10	1.95528e-09	3.09947e-09	3.40411e-09	2.71717e-09	1.38999e-09	2.21809e-10	1.41687e-11	9.7186e-13	1.58218e-14	6.14142e-17	0	0	0	0	0	0	0	0	0	0	1.19532e-18	1.81357e-15	1.11756e-12	3.59312e-10	6.44543e-08	6.40351e-06	0.000330221	0.00778361	0.0713657	0.241318	0.566676	1.04264	1.64278	2.33435	3.08076	3.8433	4.58302	5.26246	5.84752	6.30897	6.62386	6.77654	6.75946	6.57347	6.22777	5.73955	5.13309	4.43873	3.69139	2.92893	2.19043	1.51432	0.936556	0.488886	0.195745	0.0514072	0.00395798	0.000125228	1.97544e-06	1.71501e-08	8.54998e-11	2.43246e-13	3.66313e-16	2.26165e-19	0	0	0	0	0	0	0	0	0	0	0	0	0	0	0	0	0	0	
0	0	0	0	0	0	0	0	0	0	0	0	0	0	4.26718e-17	6.1027e-15	4.867e-14	1.88223e-12	6.24378e-12	9.93939e-12	1.09232e-11	8.70466e-12	4.41776e-12	6.50262e-13	2.4385e-14	1.47516e-15	1.12754e-17	0	0	0	0	0	0	0	0	0	0	0	5.20592e-18	7.77986e-15	4.70191e-12	1.47274e-09	2.54452e-07	2.38317e-05	0.00110666	0.020983	0.12095	0.357836	0.766679	1.33065	2.0205	2.80125	3.63399	4.47779	5.29149	6.03569	6.67449	7.17721	7.51974	7.6857	7.66714	7.46496	7.08882	6.55672	5.8942	5.13309	4.31013	3.46524	2.63965	1.87408	1.20675	0.671694	0.296565	0.0919785	0.0127481	0.000619616	1.29051e-05	1.3553e-07	7.7723e-10	2.46783e-12	4.06988e-15	2.71831e-18	0	0	0	0	0	0	0	0	0	0	0	0	0	0	0	0	0	0	
0	0	0	0	0	0	0	0	0	0	0	0	0	0	0	3.99094e-18	3.47614e-17	3.05854e-15	1.03455e-14	1.65175e-14	1.81605e-14	1.44556e-14	7.29514e-15	1.00745e-15	1.69475e-17	9.10562e-19	0	0	0	0	0	0	0	0	0	0	0	5.20383e-22	1.55798e-17	2.16793e-14	1.24145e-11	3.69347e-09	6.05136e-07	5.3466e-05	0.00231275	0.0393331	0.176362	0.476128	0.956229	1.59471	2.36035	3.2163	4.12176	5.03391	5.90981	6.7084	7.39232	7.92966	8.29539	8.47247	8.45267	8.23691	7.83523	7.26633	6.55672	5.73955	4.85302	3.93875	3.0398	2.19875	1.45575	0.846659	0.401298	0.138103	0.0259733	0.00140771	3.06793e-05	3.29852e-07	1.9186e-09	6.14998e-12	1.02122e-14	6.85653e-18	0	0	0	0	0	0	0	0	0	0	0	0	0	0	0	0	0	0	
0	0	0	0	0	0	0	0	0	0	0	0	0	0	0	0	0	2.01984e-18	6.93774e-18	1.11012e-17	1.22092e-17	9.71038e-18	4.87951e-18	6.39226e-19	0	0	0	0	0	0	0	0	0	0	0	0	0	5.27559e-19	8.02173e-16	4.97094e-13	1.61659e-10	2.96403e-08	3.07096e-06	0.000172062	0.00478943	0.0580939	0.229485	0.580989	1.11738	1.81448	2.63966	3.55461	4.51707	5.48275	6.40732	7.24845	7.96764	8.53206	8.91591	9.10169	9.08092	8.85455	8.43291	7.83523	7.08882	6.22777	5.2915	4.32289	3.36643	2.46615	1.66368	0.996324	0.495365	0.18259	0.0405613	0.00235247	5.3832e-05	6.07042e-07	3.72796e-09	1.28224e-11	2.37635e-14	2.03644e-17	4.61085e-21	0	0	0	0	0	0	0	0	0	0	0	0	0	0	0	0	0	
0	0	0	0	0	0	0	0	0	0	0	0	0	0	0	0	0	0	0	0	0	0	0	0	0	0	0	0	0	0	0	0	0	0	0	0	0	1.46054e-18	2.18581e-15	1.32628e-12	4.18827e-10	7.35193e-08	7.10801e-06	0.000353983	0.00802186	0.0736692	0.271943	0.659901	1.23559	1.97353	2.84016	3.79615	4.79823	5.80109	6.75946	7.63011	8.37379	8.95697	9.3534	9.54521	9.52377	9.29004	8.85455	8.23691	7.46496	6.57347	5.60264	4.59629	3.59984	2.65836	1.81448	1.10651	0.56669	0.21828	0.0525394	0.00378455	0.000120022	1.96815e-06	1.80055e-08	9.49263e-11	2.85553e-13	4.54146e-16	2.95756e-19	0	0	0	0	0	0	0	0	0	0	0	0	0	0	0	0	0	
0	0	0	0	0	0	0	0	0	0	0	0	0	0	0	0	0	0	0	0	0	0	0	0	0	0	0	0	0	0	0	0	0	0	0	0	0	2.14015e-18	3.194e-15	1.93056e-12	6.06198e-10	1.05459e-07	1.00387e-05	0.000485035	0.0102879	0.0831692	0.296382	0.703841	1.30048	2.0602	2.94891	3.92675	4.9499	5.97254	6.94888	7.83523	8.59192	9.18508	9.58819	9.78321	9.76141	9.52377	9.08092	8.45267	7.66714	6.75946	5.77027	4.74383	3.72611	2.76269	1.89676	1.16714	0.606578	0.239034	0.0596279	0.00501773	0.00018665	3.42945e-06	3.38251e-08	1.87522e-10	5.84053e-13	9.52404e-16	6.31928e-19	0	0	0	0	0	0	0	0	0	0	0	0	0	0	0	0	0	
0	0	0	0	0	0	0	0	0	0	0	0	0	0	0	0	0	0	0	0	0	0	0	0	0	0	0	0	0	0	0	0	0	0	0	0	0	2.20853e-18	3.29546e-15	1.99137e-12	6.25054e-10	1.08673e-07	1.03334e-05	0.00049819	0.0105139	0.0840814	0.29868	0.707925	1.30649	2.0682	2.95892	3.93876	4.96384	5.98829	6.96628	7.85406	8.61193	9.20601	9.60973	9.80504	9.78321	9.54521	9.10169	8.47247	7.6857	6.77654	5.78566	4.75739	3.73773	2.7723	1.90435	1.17275	0.610291	0.240994	0.0603137	0.00514866	0.000193892	3.5894e-06	3.5561e-08	1.97692e-10	6.16845e-13	1.00713e-15	6.68843e-19	0	0	0	0	0	0	0	0	0	0	0	0	0	0	0	0	0	
0	0	0	0	0	0	0	0	0	0	0	0	0	0	0	0	0	0	0	0	0	0	0	0	0	0	0	0	0	0	0	0	0	0	0	0	0	1.63273e-18	2.44124e-15	1.47938e-12	4.66298e-10	8.16127e-08	7.85098e-06	0.000387253	0.00860007	0.0761632	0.278457	0.671705	1.25308	1.99694	2.86957	3.83149	4.83929	5.84752	6.81078	7.6857	8.43291	9.0188	9.41705	9.60973	9.58819	9.3534	8.91591	8.29539	7.51974	6.62386	5.64804	4.63623	3.634	2.68656	1.83669	1.12285	0.577395	0.223794	0.0543892	0.0040833	0.000135832	2.31267e-06	2.17266e-08	1.16689e-10	3.55696e-13	5.71242e-16	3.74782e-19	0	0	0	0	0	0	0	0	0	0	0	0	0	0	0	0	0	
0	0	0	0	0	0	0	0	0	0	0	0	0	0	0	0	0	0	0	0	0	0	0	0	0	0	0	0	0	0	0	0	0	0	0	0	0	7.06824e-19	1.06796e-15	6.56358e-13	2.11063e-10	3.8077e-08	3.84898e-06	0.000207354	0.00543078	0.0615059	0.2391	0.599192	1.14486	1.85159	2.68656	3.6112	4.58302	5.55748	6.49005	7.33815	8.06313	8.63198	9.0188	9.20601	9.18508	8.95697	8.53206	7.92966	7.17721	6.30897	5.36453	4.38701	3.4211	2.51109	1.69884	1.02191	0.511779	0.190635	0.0432917	0.00259454	6.27709e-05	7.68518e-07	5.29568e-09	2.13995e-11	5.01835e-14	6.30407e-17	3.26925e-20	0	0	0	0	0	0	0	0	0	0	0	0	0	0	0	0	0	
0	0	0	0	0	0	0	0	0	0	0	0	0	0	0	0	0	0	0	0	0	0	0	0	0	0	0	0	0	0	0	0	0	0	0	0	0	3.26925e-20	6.53652e-17	5.31346e-14	2.28701e-11	5.65916e-09	8.14694e-07	6.55593e-05	0.00265468	0.0432493	0.187398	0.498616	0.991251	1.64279	2.42171	3.29082	4.209	5.13309	6.01986	6.82794	7.51974	8.06313	8.43291	8.61193	8.59192	8.37379	7.96764	7.39232	6.67449	5.84752	4.94989	4.02349	3.11171	2.25745	1.50119	0.879123	0.421397	0.147396	0.0288831	0.00158792	3.48734e-05	3.77063e-07	2.20378e-09	7.09537e-12	1.18317e-14	7.97643e-18	0	0	0	0	0	0	0	0	0	0	0	0	0	0	0	0	0	0	
0	0	0	0	0	0	0	0	0	0	0	0	0	0	0	0	0	0	0	0	0	0	0	0	0	0	0	0	0	0	0	0	0	0	0	0	0	0	6.47708e-18	9.62012e-15	5.77718e-12	1.79736e-09	3.0823e-07	2.86122e-05	0.00131225	0.0243126	0.13185	0.381873	0.806041	1.38608	2.09228	2.88926	3.73772	4.59628	5.42343	6.17938	6.82794	7.33815	7.6857	7.85406	7.83523	7.63011	7.24845	6.7084	6.03569	5.26246	4.42577	3.56588	2.72445	1.94258	1.25893	0.707912	0.317686	0.100936	0.0151491	0.000761059	1.60827e-05	1.70201e-07	9.8062e-10	3.1234e-12	5.16274e-15	3.45422e-18	0	0	0	0	0	0	0	0	0	0	0	0	0	0	0	0	0	0	
0	0	0	0	0	0	0	0	0	0	0	0	0	0	0	0	0	0	0	0	0	0	0	0	0	0	0	0	0	0	0	0	0	0	0	0	0	0	1.81477e-18	2.73424e-15	1.67043e-12	5.31096e-10	9.38066e-08	9.1051e-06	0.000451608	0.00990286	0.0804673	0.263692	0.606563	1.10108	1.72015	2.43055	3.1952	3.97492	4.73028	5.42343	6.01986	6.49005	6.81078	6.96628	6.94888	6.75946	6.40732	5.90981	5.29149	4.58302	3.81968	3.03979	2.2829	1.5879	0.991238	0.525153	0.214879	0.0590393	0.00522637	0.000190594	3.36846e-06	3.19449e-08	1.70892e-10	5.15501e-13	8.16602e-16	5.27559e-19	0	0	0	0	0	0	0	0	0	0	0	0	0	0	0	0	0	0	
0	0	0	0	0	0	0	0	0	0	0	0	0	0	0	0	0	0	0	0	0	0	0	0	0	0	0	0	0	0	0	0	0	0	0	0	0	0	7.92787e-26	2.34698e-17	3.21715e-14	1.76978e-11	4.99748e-09	7.68785e-07	6.30185e-05	0.00249412	0.0383214	0.160225	0.412738	0.810479	1.33064	1.94257	2.61175	3.30154	3.97492	4.59628	5.13309	5.55748	5.84752	5.98829	5.97254	5.80109	5.48275	5.03391	4.47779	3.8433	3.16372	2.47508	1.81446	1.21822	0.720245	0.350137	0.127375	0.0248554	0.00143658	3.34705e-05	3.83727e-07	2.37182e-09	8.05142e-12	1.41134e-14	9.97381e-18	0	0	0	0	0	0	0	0	0	0	0	0	0	0	0	0	0	0	0	
0	0	0	0	0	0	0	0	0	0	0	0	0	0	0	0	0	0	0	0	0	0	0	0	0	0	0	0	0	0	0	0	0	0	0	0	0	0	0	1.87764e-18	2.89643e-15	1.80583e-12	5.8408e-10	1.04602e-07	1.02511e-05	0.000509558	0.0109773	0.0822362	0.245458	0.538762	0.951266	1.45573	2.02049	2.61175	3.1952	3.73772	4.209	4.58302	4.83929	4.96384	4.9499	4.79823	4.51707	4.12176	3.63399	3.08076	2.49304	1.90432	1.34895	0.860453	0.469821	0.202717	0.0616449	0.00615085	0.000237588	4.28876e-06	4.07933e-08	2.16665e-10	6.44566e-13	1.00172e-15	6.31928e-19	0	0	0	0	0	0	0	0	0	0	0	0	0	0	0	0	0	0	0	
0	0	0	0	0	0	0	0	0	0	0	0	0	0	0	0	0	0	0	0	0	0	0	0	0	0	0	0	0	0	0	0	0	0	0	0	0	0	0	0	2.03309e-17	2.76075e-14	1.49855e-11	4.15527e-09	6.2392e-07	4.955e-05	0.00188535	0.0279276	0.123165	0.310779	0.610269	1.00138	1.45573	1.94257	2.43055	2.88926	3.29082	3.6112	3.83149	3.93876	3.92675	3.79615	3.55461	3.2163	2.80125	2.33435	1.84411	1.36125	0.91714	0.542202	0.263979	0.0985909	0.0175414	0.00101956	2.44363e-05	2.88724e-07	1.83371e-09	6.37068e-12	1.1384e-14	8.17133e-18	0	0	0	0	0	0	0	0	0	0	0	0	0	0	0	0	0	0	0	0	
0	0	0	0	0	0	0	0	0	0	0	0	0	0	0	0	0	0	0	0	0	0	0	0	0	0	0	0	0	0	0	0	0	0	0	0	0	0	0	0	6.18406e-20	1.93549e-16	1.78827e-13	7.65948e-11	1.7328e-08	2.12452e-06	0.000135578	0.0040263	0.0448354	0.14789	0.335022	0.610269	0.951266	1.33064	1.72015	2.09228	2.42171	2.68656	2.86957	2.95892	2.94891	2.84016	2.63966	2.36035	2.0205	1.64278	1.25305	0.879096	0.549123	0.290102	0.122269	0.03137	0.00244571	7.30111e-05	1.02875e-06	7.57837e-09	2.99556e-11	6.00449e-14	4.7823e-17	0	0	0	0	0	0	0	0	0	0	0	0	0	0	0	0	0	0	0	0	0	
0	0	0	0	0	0	0	0	0	0	0	0	0	0	0	0	0	0	0	0	0	0	0	0	0	0	0	0	0	0	0	0	0	0	0	0	0	0	0	0	0	7.2089e-19	1.29074e-15	8.72076e-13	2.929e-10	5.3041e-08	5.1953e-06	0.000260761	0.00596637	0.0514938	0.14789	0.310779	0.538762	0.810479	1.10108	1.38608	1.64279	1.85159	1.99694	2.0682	2.0602	1.97353	1.81448	1.59471	1.33065	1.04264	0.753824	0.488886	0.272493	0.124575	0.038057	0.00367427	0.000133128	2.21988e-06	1.89413e-08	8.52398e-11	1.91853e-13	1.69667e-16	7.92787e-26	0	0	0	0	0	0	0	0	0	0	0	0	0	0	0	0	0	0	0	0	0	
0	0	0	0	0	0	0	0	0	0	0	0	0	0	0	0	0	0	0	0	0	0	0	0	0	0	0	0	0	0	0	0	0	0	0	0	0	0	0	0	0	0	3.60269e-18	5.0331e-15	2.73615e-12	7.44965e-10	1.0865e-07	8.4375e-06	0.000330316	0.00596637	0.0448354	0.123165	0.245458	0.412738	0.606563	0.806041	0.991251	1.14486	1.25308	1.30649	1.30048	1.23559	1.11738	0.956229	0.766679	0.566676	0.376502	0.216906	0.104744	0.0335065	0.00380393	0.000164214	3.22677e-06	3.19442e-08	1.64301e-10	4.17095e-13	4.11357e-16	6.3423e-25	0	0	0	0	0	0	0	0	0	0	0	0	0	0	0	0	0	0	0	0	0	0	
0	0	0	0	0	0	0	0	0	0	0	0	0	0	0	0	0	0	0	0	0	0	0	0	0	0	0	0	0	0	0	0	0	0	0	0	0	0	0	0	0	0	0	1.02904e-17	1.19543e-14	5.37021e-12	1.19118e-09	1.387e-07	8.4375e-06	0.000260761	0.0040263	0.0279276	0.0822362	0.160225	0.263692	0.381873	0.498616	0.599192	0.671705	0.707925	0.703841	0.659901	0.580989	0.476128	0.357836	0.241318	0.142519	0.0695283	0.0204627	0.00274513	0.000142931	3.33526e-06	3.85571e-08	2.28071e-10	6.56955e-13	7.26623e-16	2.2198e-24	0	0	0	0	0	0	0	0	0	0	0	0	0	0	0	0	0	0	0	0	0	0	0	
0	0	0	0	0	0	0	0	0	0	0	0	0	0	0	0	0	0	0	0	0	0	0	0	0	0	0	0	0	0	0	0	0	0	0	0	0	0	0	0	0	0	0	0	1.87256e-17	1.81898e-14	6.70408e-12	1.19118e-09	1.0865e-07	5.1953e-06	0.000135578	0.00188535	0.0109773	0.0383214	0.0804673	0.13185	0.187398	0.2391	0.278457	0.29868	0.296382	0.271943	0.229485	0.176362	0.12095	0.0713657	0.0312794	0.00793901	0.00127631	8.55244e-05	2.4659e-06	3.40454e-08	2.34907e-10	7.75612e-13	9.69809e-16	4.43961e-24	0	0	0	0	0	0	0	0	0	0	0	0	0	0	0	0	0	0	0	0	0	0	0	0	
0	0	0	0	0	0	0	0	0	0	0	0	0	0	0	0	0	0	0	0	0	0	0	0	0	0	0	0	0	0	0	0	0	0	0	0	0	0	0	0	0	0	0	0	0	2.27577e-17	1.81898e-14	5.37021e-12	7.44965e-10	5.3041e-08	2.12452e-06	4.955e-05	0.000509558	0.00249412	0.00990286	0.0243126	0.0432493	0.0615059	0.0761632	0.0840814	0.0831692	0.0736692	0.0580939	0.0393331	0.020983	0.00778361	0.0019505	0.000336152	3.20961e-05	1.24885e-06	2.16953e-08	1.80079e-10	6.94957e-13	9.95593e-16	5.54951e-24	0	0	0	0	0	0	0	0	0	0	0	0	0	0	0	0	0	0	0	0	0	0	0	0	0	
0	0	0	0	0	0	0	0	0	0	0	0	0	0	0	0	0	0	0	0	0	0	0	0	0	0	0	0	0	0	0	0	0	0	0	0	0	0	0	0	0	0	0	0	0	0	1.87256e-17	1.19543e-14	2.73615e-12	2.929e-10	1.7328e-08	6.2392e-07	1.02511e-05	6.30185e-05	0.000451608	0.00131225	0.00265468	0.00543078	0.00860007	0.0105139	0.0102879	0.00802186	0.00478943	0.00231275	0.00110666	0.000330221	4.7994e-05	6.41823e-06	3.92677e-07	9.47849e-09	1.00325e-10	4.68905e-13	7.87535e-16	4.43961e-24	0	0	0	0	0	0	0	0	0	0	0	0	0	0	0	0	0	0	0	0	0	0	0	0	0	0	
0	0	0	0	0	0	0	0	0	0	0	0	0	0	0	0	0	0	0	0	0	0	0	0	0	0	0	0	0	0	0	0	0	0	0	0	0	0	0	0	0	0	0	0	0	0	0	1.02904e-17	5.0331e-15	8.72076e-13	7.65948e-11	4.15527e-09	1.04602e-07	7.68785e-07	9.1051e-06	2.86122e-05	6.55593e-05	0.000207354	0.000387253	0.00049819	0.000485035	0.000353983	0.000172062	5.3466e-05	2.38317e-05	6.40351e-06	5.74444e-07	6.33084e-08	2.56113e-09	3.84221e-11	2.313e-13	4.73192e-16	2.2198e-24	0	0	0	0	0	0	0	0	0	0	0	0	0	0	0	0	0	0	0	0	0	0	0	0	0	0	0	
0	0	0	0	0	0	0	0	0	0	0	0	0	0	0	0	0	0	0	0	0	0	0	0	0	0	0	0	0	0	0	0	0	0	0	0	0	0	0	0	0	0	0	0	0	0	0	0	3.60269e-18	1.29074e-15	1.78827e-13	1.49855e-11	5.8408e-10	4.99748e-09	9.38066e-08	3.0823e-07	8.14694e-07	3.84898e-06	7.85098e-06	1.03334e-05	1.00387e-05	7.10801e-06	3.07096e-06	6.05136e-07	2.54452e-07	6.44543e-08	3.67937e-09	3.44811e-10	9.0869e-12	7.86862e-14	2.08952e-16	6.3423e-25	0	0	0	0	0	0	0	0	0	0	0	0	0	0	0	0	0	0	0	0	0	0	0	0	0	0	0	0	
0	0	0	0	0	0	0	0	0	0	0	0	0	0	0	0	0	0	0	0	0	0	0	0	0	0	0	0	0	0	0	0	0	0	0	0	0	0	0	0	0	0	0	0	0	0	0	0	0	7.2089e-19	1.93549e-16	2.76075e-14	1.80583e-12	1.76978e-11	5.31096e-10	1.79736e-09	5.65916e-09	3.8077e-08	8.16127e-08	1.08673e-07	1.05459e-07	7.35193e-08	2.96403e-08	3.69347e-09	1.47274e-09	3.59312e-10	1.28746e-11	1.0447e-12	1.65169e-14	6.38373e-17	7.92787e-26	0	0	0	0	0	0	0	0	0	0	0	0	0	0	0	0	0	0	0	0	0	0	0	0	0	0	0	0	0	
0	0	0	0	0	0	0	0	0	0	0	0	0	0	0	0	0	0	0	0	0	0	0	0	0	0	0	0	0	0	0	0	0	0	0	0	0	0	0	0	0	0	0	0	0	0	0	0	0	0	6.18406e-20	2.03309e-17	2.89643e-15	3.21715e-14	1.67043e-12	5.77718e-12	2.28701e-11	2.11063e-10	4.66298e-10	6.25054e-10	6.06198e-10	4.18827e-10	1.61659e-10	1.24145e-11	4.70191e-12	1.11756e-12	2.31701e-14	1.64594e-15	1.20236e-17	0	0	0	0	0	0	0	0	0	0	0	0	0	0	0	0	0	0	0	0	0	0	0	0	0	0	0	0	0	0	0	
0	0	0	0	0	0	0	0	0	0	0	0	0	0	0	0	0	0	0	0	0	0	0	0	0	0	0	0	0	0	0	0	0	0	0	0	0	0	0	0	0	0	0	0	0	0	0	0	0	0	0	0	1.87764e-18	2.34698e-17	2.73424e-15	9.62012e-15	5.31346e-14	6.56358e-13	1.47938e-12	1.99137e-12	1.93056e-12	1.32628e-12	4.97094e-13	2.16793e-14	7.77986e-15	1.81357e-15	1.67588e-17	1.04918e-18	0	0	0	0	0	0	0	0	0	0	0	0	0	0	0	0	0	0	0	0	0	0	0	0	0	0	0	0	0	0	0	0	
0	0	0	0	0	0	0	0	0	0	0	0	0	0	0	0	0	0	0	0	0	0	0	0	0	0	0	0	0	0	0	0	0	0	0	0	0	0	0	0	0	0	0	0	0	0	0	0	0	0	0	0	0	7.92787e-26	1.81477e-18	6.47708e-18	6.53652e-17	1.06796e-15	2.44124e-15	3.29546e-15	3.194e-15	2.18581e-15	8.02173e-16	1.55798e-17	5.20592e-18	1.19532e-18	0	0	0	0	0	0	0	0	0	0	0	0	0	0	0	0	0	0	0	0	0	0	0	0	0	0	0	0	0	0	0	0	0	0	
0	0	0	0	0	0	0	0	0	0	0	0	0	0	0	0	0	0	0	0	0	0	0	0	0	0	0	0	0	0	0	0	0	0	0	0	0	0	0	0	0	0	0	0	0	0	0	0	0	0	0	0	0	0	0	0	3.26925e-20	7.06824e-19	1.63273e-18	2.20853e-18	2.14015e-18	1.46054e-18	5.27559e-19	5.20383e-22	0	0	0	0	0	0	0	0	0	0	0	0	0	0	0	0	0	0	0	0	0	0	0	0	0	0	0	0	0	0	0	0	0	0	0	0	
0	0	0	0	0	0	0	0	0	0	0	0	0	0	0	0	0	0	0	0	0	0	0	0	0	0	0	0	0	0	0	0	0	0	0	0	0	0	0	0	0	0	0	0	0	0	0	0	0	0	0	0	0	0	0	0	0	0	0	0	0	0	0	0	0	0	0	0	0	0	0	0	0	0	0	0	0	0	0	0	0	0	0	0	0	0	0	0	0	0	0	0	0	0	0	0	0	0	0	0	
0	0	0	0	0	0	0	0	0	0	0	0	0	0	0	0	0	0	0	0	0	0	0	0	0	0	0	0	0	0	0	0	0	0	0	0	0	0	0	0	0	0	0	0	0	0	0	0	0	0	0	0	0	0	0	0	0	0	0	0	0	0	0	0	0	0	0	0	0	0	0	0	0	0	0	0	0	0	0	0	0	0	0	0	0	0	0	0	0	0	0	0	0	0	0	0	0	0	0	0	
0	0	0	0	0	0	0	0	0	0	0	0	0	0	0	0	0	0	0	0	0	0	0	0	0	0	0	0	0	0	0	0	0	0	0	0	0	0	0	0	0	0	0	0	0	0	0	0	0	0	0	0	0	0	0	0	0	0	0	0	0	0	0	0	0	0	0	0	0	0	0	0	0	0	0	0	0	0	0	0	0	0	0	0	0	0	0	0	0	0	0	0	0	0	0	0	0	0	0	0	
0	0	0	0	0	0	0	0	0	0	0	0	0	0	0	0	0	0	0	0	0	0	0	0	0	0	0	0	0	0	0	0	0	0	0	0	0	0	0	0	0	0	0	0	0	0	0	0	0	0	0	0	0	0	0	0	0	0	0	0	0	0	0	0	0	0	0	0	0	0	0	0	0	0	0	0	0	0	0	0	0	0	0	0	0	0	0	0	0	0	0	0	0	0	0	0	0	0	0	0	
0	0	0	0	0	0	0	0	0	0	0	0	0	0	0	0	0	0	0	0	0	0	0	0	0	0	0	0	0	0	0	0	0	0	0	0	0	0	0	0	0	0	0	0	0	0	0	0	0	0	0	0	0	0	0	0	0	0	0	0	0	0	0	0	0	0	0	0	0	0	0	0	0	0	0	0	0	0	0	0	0	0	0	0	0	0	0	0	0	0	0	0	0	0	0	0	0	0	0	0	
0	0	0	0	0	0	0	0	0	0	0	0	0	0	0	0	0	0	0	0	0	0	0	0	0	0	0	0	0	0	0	0	0	0	0	0	0	0	0	0	0	0	0	0	0	0	0	0	0	0	0	0	0	0	0	0	0	0	0	0	0	0	0	0	0	0	0	0	0	0	0	0	0	0	0	0	0	0	0	0	0	0	0	0	0	0	0	0	0	0	0	0	0	0	0	0	0	0	0	0	
0	0	0	0	0	0	0	0	0	0	0	0	0	0	0	0	0	0	0	0	0	0	0	0	0	0	0	0	0	0	0	0	0	0	0	0	0	0	0	0	0	0	0	0	0	0	0	0	0	0	0	0	0	0	0	0	0	0	0	0	0	0	0	0	0	0	0	0	0	0	0	0	0	0	0	0	0	0	0	0	0	0	0	0	0	0	0	0	0	0	0	0	0	0	0	0	0	0	0	0	
0	0	0	0	0	0	0	0	0	0	0	0	0	0	0	0	0	0	0	0	0	0	0	0	0	0	0	0	0	0	0	0	0	0	0	0	0	0	0	0	0	0	0	0	0	0	0	0	0	0	0	0	0	0	0	0	0	0	0	0	0	0	0	0	0	0	0	0	0	0	0	0	0	0	0	0	0	0	0	0	0	0	0	0	0	0	0	0	0	0	0	0	0	0	0	0	0	0	0	0	
0	0	0	0	0	0	0	0	0	0	0	0	0	0	0	0	0	0	0	0	0	0	0	0	0	0	0	0	0	0	0	0	0	0	0	0	0	0	0	0	0	0	0	0	0	0	0	0	0	0	0	0	0	0	0	0	0	0	0	0	0	0	0	0	0	0	0	0	0	0	0	0	0	0	0	0	0	0	0	0	0	0	0	0	0	0	0	0	0	0	0	0	0	0	0	0	0	0	0	0	
0	0	0	0	0	0	0	0	0	0	0	0	0	0	0	0	0	0	0	0	0	0	0	0	0	0	0	0	0	0	0	0	0	0	0	0	0	0	0	0	0	0	0	0	0	0	0	0	0	0	0	0	0	0	0	0	0	0	0	0	0	0	0	0	0	0	0	0	0	0	0	0	0	0	0	0	0	0	0	0	0	0	0	0	0	0	2.06453e-18	7.89756e-18	1.34931e-17	1.60038e-17	1.43046e-17	9.14903e-18	3.06468e-18	0	0	0	0	0	0	0	
0	0	0	0	0	0	0	0	0	0	0	0	0	0	0	0	0	0	0	0	0	0	0	0	0	0	0	0	0	0	0	0	0	0	0	0	0	0	0	0	0	0	0	0	0	0	0	0	0	0	0	0	0	0	0	0	0	0	0	0	0	0	0	0	0	0	0	0	0	0	0	0	0	0	0	0	0	0	0	0	0	0	0	0	2.70872e-18	3.3408e-17	3.13135e-15	1.1776e-14	2.00722e-14	2.37952e-14	2.12755e-14	1.36313e-14	4.61386e-15	4.52206e-17	4.71731e-18	0	0	0	0	0	
0	0	0	0	0	0	0	0	0	0	0	0	0	0	0	0	0	0	0	0	0	0	0	0	0	0	0	0	0	0	0	0	0	0	0	0	0	0	0	0	0	0	0	0	0	0	0	0	0	0	0	0	0	0	0	0	0	0	0	0	0	0	0	0	0	0	0	0	0	0	0	0	0	0	0	0	0	0	0	0	0	0	0	2.89779e-17	4.20274e-15	4.66256e-14	1.93026e-12	7.10555e-12	1.20736e-11	1.43034e-11	1.27942e-11	8.21643e-12	2.81815e-12	6.25919e-14	7.21671e-15	4.89479e-17	0	0	0	0	
0	0	0	0	0	0	0	0	0	0	0	0	0	0	0	0	0	0	0	0	0	0	0	0	0	0	0	0	0	0	0	0	0	0	0	0	0	0	0	0	0	0	0	0	0	0	0	0	0	0	0	0	0	0	0	0	0	0	0	0	0	0	0	0	0	0	0	0	0	0	0	0	0	0	0	0	0	0	0	0	0	0	1.41617e-16	3.9459e-14	2.64101e-12	2.61928e-11	6.21564e-10	2.22399e-09	3.76228e-09	4.45278e-09	3.98545e-09	2.56794e-09	8.967e-10	3.48304e-11	4.46588e-12	6.60534e-14	2.33706e-16	0	0	0	
0	0	0	0	0	0	0	0	0	0	0	0	0	0	0	0	0	0	0	0	0	0	0	0	0	0	0	0	0	0	0	0	0	0	0	0	0	0	0	0	0	0	0	0	0	0	0	0	0	0	0	0	0	0	0	0	0	0	0	0	0	0	0	0	0	0	0	0	0	0	0	0	0	0	0	0	0	0	0	0	0	4.17487e-16	1.71711e-13	2.14966e-11	8.63513e-10	7.58225e-09	1.11924e-07	3.84553e-07	6.46128e-07	7.63539e-07	6.84074e-07	4.43041e-07	1.58806e-07	9.97158e-09	1.43445e-09	3.56053e-11	2.8109e-13	6.798e-16	0	0	
0	0	0	0	0	0	0	0	0	0	0	0	0	0	0	0	0	0	0	0	0	0	0	0	0	0	0	0	0	0	0	0	0	0	0	0	0	0	0	0	0	0	0	0	0	0	0	0	0	0	0	0	0	0	0	0	0	0	0	0	0	0	0	0	0	0	0	0	0	0	0	0	0	0	0	0	0	0	0	0	8.25157e-16	4.4812e-13	8.21923e-11	5.99029e-09	1.57039e-07	1.20191e-06	1.12142e-05	3.6158e-05	6.00445e-05	7.07624e-05	6.35086e-05	4.15005e-05	1.55176e-05	1.55977e-06	2.55133e-07	9.79308e-09	1.33286e-10	7.25428e-13	1.34228e-15	0	
0	0	0	0	0	0	0	0	0	0	0	0	0	0	0	0	0	0	0	0	0	0	0	0	0	0	0	0	0	0	0	0	0	0	0	0	0	0	0	0	0	0	0	0	0	0	0	0	0	0	0	0	0	0	0	0	0	0	0	0	0	0	0	0	0	0	0	0	0	0	0	0	0	0	0	0	0	0	0	1.14835e-15	7.74458e-13	1.86959e-10	1.97808e-08	9.05964e-07	1.5749e-05	0.000102251	0.000589316	0.00169905	0.00275533	0.00322863	0.00290834	0.00193555	0.000782297	0.000130506	2.48127e-05	1.45592e-06	3.17152e-08	3.00848e-10	1.25892e-12	1.89347e-15	
1.95045e-15	0	0	0	0	0	0	0	0	0	0	0	0	0	0	0	0	0	0	0	0	0	0	0	0	0	0	0	0	0	0	0	0	0	0	0	0	0	0	0	0	0	0	0	0	0	0	0	0	0	0	0	0	0	0	0	0	0	0	0	0	0	0	0	0	0	0	0	0	0	0	0	0	0	0	0	0	0	1.14835e-15	9.25522e-13	2.77094e-10	3.84408e-08	2.5252e-06	7.27907e-05	0.000812896	0.00424496	0.0145078	0.0334639	0.0510908	0.0589416	0.0536312	0.0374282	0.0178893	0.0052976	0.00122065	0.000114146	3.99152e-06	6.15008e-08	4.51208e-10	1.53842e-12	
1.34297e-12	1.469e-15	0	0	0	0	0	0	0	0	0	0	0	0	0	0	0	0	0	0	0	0	0	0	0	0	0	0	0	0	0	0	0	0	0	0	0	0	0	0	0	0	0	0	0	0	0	0	0	0	0	0	0	0	0	0	0	0	0	0	0	0	0	0	0	0	0	0	0	0	0	0	0	0	0	0	0	8.25157e-16	7.74458e-13	2.77094e-10	4.76221e-08	4.08356e-06	0.000165934	0.00283056	0.0187445	0.0696161	0.145181	0.221071	0.281684	0.307433	0.29008	0.235159	0.160532	0.0838305	0.0258172	0.00426604	0.000257334	6.50129e-06	7.80182e-08	4.67287e-10	
3.34843e-10	8.28383e-13	7.941e-16	0	0	0	0	0	0	0	0	0	0	0	0	0	0	0	0	0	0	0	0	0	0	0	0	0	0	0	0	0	0	0	0	0	0	0	0	0	0	0	0	0	0	0	0	0	0	0	0	0	0	0	0	0	0	0	0	0	0	0	0	0	0	0	0	0	0	0	0	0	0	0	0	0	4.17487e-16	4.4812e-13	1.86959e-10	3.84408e-08	4.08356e-06	0.0002156	0.00504621	0.044079	0.157447	0.317406	0.512703	0.705327	0.847756	0.906076	0.866894	0.739178	0.553059	0.354371	0.186122	0.0615178	0.00760293	0.000342254	6.78245e-06	6.64508e-08	
3.72459e-08	1.6071e-10	3.47007e-13	2.94784e-16	0	0	0	0	0	0	0	0	0	0	0	0	0	0	0	0	0	0	0	0	0	0	0	0	0	0	0	0	0	0	0	0	0	0	0	0	0	0	0	0	0	0	0	0	0	0	0	0	0	0	0	0	0	0	0	0	0	0	0	0	0	0	0	0	0	0	0	0	0	0	0	1.41617e-16	1.71711e-13	8.21923e-11	1.97808e-08	2.5252e-06	0.000165934	0.00504621	0.0580514	0.218945	0.475138	0.829089	1.21505	1.55985	1.80144	1.89804	1.83327	1.61809	1.28952	0.906118	0.539909	0.261271	0.0826142	0.00799798	0.000282831	4.54766e-06	
1.8397e-06	1.27483e-08	4.76181e-11	9.05869e-14	6.87452e-17	0	0	0	0	0	0	0	0	0	0	0	0	0	0	0	0	0	0	0	0	0	0	0	0	0	0	0	0	0	0	0	0	0	0	0	0	0	0	0	0	0	0	0	0	0	0	0	0	0	0	0	0	0	0	0	0	0	0	0	0	0	0	0	0	0	0	0	0	0	2.89779e-17	3.9459e-14	2.14966e-11	5.99029e-09	9.05964e-07	7.27907e-05	0.00283056	0.044079	0.218945	0.540115	1.03084	1.61801	2.20802	2.71184	3.05632	3.19251	3.10128	2.79544	2.31831	1.73878	1.14351	0.626471	0.268939	0.068064	0.00499576	0.00013939	
3.5167e-05	3.7922e-07	2.2265e-09	7.22207e-12	1.21444e-14	8.25595e-18	0	0	0	0	0	0	0	0	0	0	0	0	0	0	0	0	0	0	0	0	0	0	0	0	0	0	0	0	0	0	0	0	0	0	0	0	0	0	0	0	0	0	0	0	0	0	0	0	0	0	0	0	0	0	0	0	0	0	0	0	0	0	0	0	0	0	0	2.70872e-18	4.20274e-15	2.64101e-12	8.63513e-10	1.57039e-07	1.5749e-05	0.000812896	0.0187445	0.157447	0.475138	1.03084	1.76986	2.58948	3.38012	4.03964	4.4846	4.65942	4.54239	4.14802	3.52552	2.75338	1.93085	1.16701	0.567698	0.204971	0.0320362	0.00163535	
0.000221783	3.23158e-06	2.59892e-08	1.20422e-10	3.19049e-13	4.47517e-16	2.56892e-19	0	0	0	0	0	0	0	0	0	0	0	0	0	0	0	0	0	0	0	0	0	0	0	0	0	0	0	0	0	0	0	0	0	0	0	0	0	0	0	0	0	0	0	0	0	0	0	0	0	0	0	0	0	0	0	0	0	0	0	0	0	0	0	0	0	0	3.3408e-17	4.66256e-14	2.61928e-11	7.58225e-09	1.20191e-06	0.000102251	0.00424496	0.0696161	0.317406	0.829089	1.61801	2.58948	3.62467	4.60062	5.40355	5.94092	6.15123	6.01048	5.53474	4.77839	3.82846	2.79538	1.80133	0.96708	0.394778	0.103654	0.00756596	
0.00129907	2.70115e-05	2.83475e-07	1.62514e-09	5.15935e-12	8.50831e-15	5.6828e-18	0	0	0	0	0	0	0	0	0	0	0	0	0	0	0	0	0	0	0	0	0	0	0	0	0	0	0	0	0	0	0	0	0	0	0	0	0	0	0	0	0	0	0	0	0	0	0	0	0	0	0	0	0	0	0	0	0	0	0	0	0	0	0	0	0	2.06453e-18	3.13135e-15	1.93026e-12	6.21564e-10	1.11924e-07	1.12142e-05	0.000589316	0.0145078	0.145181	0.512703	1.21505	2.20802	3.38012	4.60062	5.73543	6.66106	7.27739	7.51801	7.35702	6.81174	5.9409	4.83863	3.62468	2.43213	1.39351	0.625819	0.195751	0.0268447	
0.00292846	6.38353e-05	6.86617e-07	3.99566e-09	1.28146e-11	2.12915e-14	1.43046e-17	0	0	0	0	0	0	0	0	0	0	0	0	0	0	0	0	0	0	0	0	0	0	0	0	0	0	0	0	0	0	0	0	0	0	0	0	0	0	0	0	0	0	0	0	0	0	0	0	0	0	0	0	0	0	0	0	0	0	0	0	0	0	0	0	0	7.89756e-18	1.1776e-14	7.10555e-12	2.22399e-09	3.84553e-07	3.6158e-05	0.00169905	0.0334639	0.221071	0.705327	1.55985	2.71184	4.03964	5.40355	6.66106	7.68134	8.35853	8.62249	8.44591	7.84704	6.88792	5.66801	4.31414	2.96765	1.76995	0.847802	0.29048	0.0540886	
0.00432596	9.55059e-05	1.03361e-06	6.03627e-09	1.94037e-11	3.22916e-14	2.17216e-17	0	0	0	0	0	0	0	0	0	0	0	0	0	0	0	0	0	0	0	0	0	0	0	0	0	0	0	0	0	0	0	0	0	0	0	0	0	0	0	0	0	0	0	0	0	0	0	0	0	0	0	0	0	0	0	0	0	0	0	0	0	0	0	0	0	1.34931e-17	2.00722e-14	1.20736e-11	3.76228e-09	6.46128e-07	6.00445e-05	0.00275533	0.0510908	0.281684	0.847756	1.80144	3.05632	4.4846	5.94092	7.27739	8.35853	9.07483	9.35379	9.16719	8.53389	7.51801	6.22241	4.77842	3.3326	2.03203	1.00937	0.363957	0.0771874	
0.00493122	0.000109234	1.18405e-06	6.921e-09	2.22603e-11	3.70602e-14	2.49366e-17	0	0	0	0	0	0	0	0	0	0	0	0	0	0	0	0	0	0	0	0	0	0	0	0	0	0	0	0	0	0	0	0	0	0	0	0	0	0	0	0	0	0	0	0	0	0	0	0	0	0	0	0	0	0	0	0	0	0	0	0	0	0	0	0	0	1.60038e-17	2.37952e-14	1.43034e-11	4.45278e-09	7.63539e-07	7.07624e-05	0.00322863	0.0589416	0.307433	0.906076	1.89804	3.19251	4.65942	6.15123	7.51801	8.62249	9.35379	9.63851	9.44806	8.80156	7.7639	6.43925	4.96065	3.47666	2.13652	1.07508	0.394689	0.0871547	
0.00452271	9.99678e-05	1.0825e-06	6.32381e-09	2.03321e-11	3.38415e-14	2.27666e-17	0	0	0	0	0	0	0	0	0	0	0	0	0	0	0	0	0	0	0	0	0	0	0	0	0	0	0	0	0	0	0	0	0	0	0	0	0	0	0	0	0	0	0	0	0	0	0	0	0	0	0	0	0	0	0	0	0	0	0	0	0	0	0	0	0	1.43046e-17	2.12755e-14	1.27942e-11	3.98545e-09	6.84074e-07	6.35086e-05	0.00290834	0.0536312	0.29008	0.866894	1.83327	3.10128	4.54239	6.01048	7.35702	8.44591	9.16719	9.44806	9.26017	8.62249	7.59938	6.29414	4.83866	3.38018	2.06648	1.03096	0.374005	0.0804294	
0.0032488	7.10908e-05	7.66099e-07	4.46307e-09	1.43239e-11	2.38113e-14	1.60038e-17	0	0	0	0	0	0	0	0	0	0	0	0	0	0	0	0	0	0	0	0	0	0	0	0	0	0	0	0	0	0	0	0	0	0	0	0	0	0	0	0	0	0	0	0	0	0	0	0	0	0	0	0	0	0	0	0	0	0	0	0	0	0	0	0	0	9.14903e-18	1.36313e-14	8.21643e-12	2.56794e-09	4.43041e-07	4.15005e-05	0.00193555	0.0374282	0.235159	0.739178	1.61809	2.79544	4.14802	5.53474	6.81174	7.84704	8.53389	8.80156	8.62249	8.01513	7.04199	5.8034	4.42729	3.0563	1.83324	0.886364	0.307713	0.0593966	
0.00160706	3.39555e-05	3.59444e-07	2.07178e-09	6.60184e-12	1.09175e-14	7.30806e-18	0	0	0	0	0	0	0	0	0	0	0	0	0	0	0	0	0	0	0	0	0	0	0	0	0	0	0	0	0	0	0	0	0	0	0	0	0	0	0	0	0	0	0	0	0	0	0	0	0	0	0	0	0	0	0	0	0	0	0	0	0	0	0	0	0	3.06468e-18	4.61386e-15	2.81815e-12	8.967e-10	1.58806e-07	1.55176e-05	0.000782297	0.0178893	0.160532	0.553059	1.28952	2.31831	3.52552	4.77839	5.9409	6.88792	7.51801	7.7639	7.59938	7.04199	6.15121	5.02237	3.77684	2.54956	1.4751	0.67273	0.215056	0.0320436	
0.000354736	6.01392e-06	5.52464e-08	2.88223e-10	8.51665e-13	1.32543e-15	8.42891e-19	0	0	0	0	0	0	0	0	0	0	0	0	0	0	0	0	0	0	0	0	0	0	0	0	0	0	0	0	0	0	0	0	0	0	0	0	0	0	0	0	0	0	0	0	0	0	0	0	0	0	0	0	0	0	0	0	0	0	0	0	0	0	0	0	0	0	4.52206e-17	6.25919e-14	3.48304e-11	9.97158e-09	1.55977e-06	0.000130506	0.0052976	0.0838305	0.354371	0.906118	1.73878	2.75338	3.82846	4.83863	5.66801	6.22241	6.43925	6.29414	5.8034	5.02237	4.03961	2.9676	1.93087	1.05276	0.438998	0.12144	0.0102513	
5.50645e-05	6.24987e-07	3.83551e-09	1.29466e-11	2.25852e-14	1.58922e-17	0	0	0	0	0	0	0	0	0	0	0	0	0	0	0	0	0	0	0	0	0	0	0	0	0	0	0	0	0	0	0	0	0	0	0	0	0	0	0	0	0	0	0	0	0	0	0	0	0	0	0	0	0	0	0	0	0	0	0	0	0	0	0	0	0	0	0	4.71731e-18	7.21671e-15	4.46588e-12	1.43445e-09	2.55133e-07	2.48127e-05	0.00122065	0.0258172	0.186122	0.539909	1.14351	1.93085	2.79538	3.62468	4.31414	4.77842	4.96065	4.83866	4.42729	3.77684	2.9676	2.10119	1.28947	0.641604	0.238267	0.0429955	0.00240268	
2.91817e-06	2.14249e-08	8.58925e-11	1.81456e-13	1.72755e-16	4.02386e-20	0	0	0	0	0	0	0	0	0	0	0	0	0	0	0	0	0	0	0	0	0	0	0	0	0	0	0	0	0	0	0	0	0	0	0	0	0	0	0	0	0	0	0	0	0	0	0	0	0	0	0	0	0	0	0	0	0	0	0	0	0	0	0	0	0	0	0	0	4.89479e-17	6.60534e-14	3.56053e-11	9.79308e-09	1.45592e-06	0.000114146	0.00426604	0.0615178	0.261271	0.626471	1.16701	1.80133	2.43213	2.96765	3.3326	3.47666	3.38018	3.0563	2.54956	1.93087	1.28947	0.722556	0.317562	0.0906116	0.00711399	0.000209632	
8.43273e-08	4.28175e-10	1.17789e-12	1.61319e-15	8.28926e-19	0	0	0	0	0	0	0	0	0	0	0	0	0	0	0	0	0	0	0	0	0	0	0	0	0	0	0	0	0	0	0	0	0	0	0	0	0	0	0	0	0	0	0	0	0	0	0	0	0	0	0	0	0	0	0	0	0	0	0	0	0	0	0	0	0	0	0	0	0	0	2.33706e-16	2.8109e-13	1.33286e-10	3.17152e-08	3.99152e-06	0.000257334	0.00760293	0.0826142	0.268939	0.567698	0.96708	1.39351	1.76995	2.03203	2.13652	2.06648	1.83324	1.4751	1.05276	0.641604	0.317562	0.112096	0.0124228	0.00049822	9.03762e-06	
1.28093e-09	4.42975e-12	7.69825e-15	5.22305e-18	0	0	0	0	0	0	0	0	0	0	0	0	0	0	0	0	0	0	0	0	0	0	0	0	0	0	0	0	0	0	0	0	0	0	0	0	0	0	0	0	0	0	0	0	0	0	0	0	0	0	0	0	0	0	0	0	0	0	0	0	0	0	0	0	0	0	0	0	0	0	0	0	6.798e-16	7.25428e-13	3.00848e-10	6.15008e-08	6.50129e-06	0.000342254	0.00799798	0.068064	0.204971	0.394778	0.625819	0.847802	1.00937	1.07508	1.03096	0.886364	0.67273	0.438998	0.238267	0.0906116	0.0124228	0.000675988	1.64223e-05	1.98885e-07	
9.50401e-12	2.02918e-14	1.67717e-17	0	0	0	0	0	0	0	0	0	0	0	0	0	0	0	0	0	0	0	0	0	0	0	0	0	0	0	0	0	0	0	0	0	0	0	0	0	0	0	0	0	0	0	0	0	0	0	0	0	0	0	0	0	0	0	0	0	0	0	0	0	0	0	0	0	0	0	0	0	0	0	0	0	0	1.34228e-15	1.25892e-12	4.51208e-10	7.80182e-08	6.78245e-06	0.000282831	0.00499576	0.0320362	0.103654	0.195751	0.29048	0.363957	0.394689	0.374005	0.307713	0.215056	0.12144	0.0429955	0.00711399	0.00049822	1.64223e-05	2.64856e-07	2.19586e-09	
3.22857e-14	3.23363e-17	0	0	0	0	0	0	0	0	0	0	0	0	0	0	0	0	0	0	0	0	0	0	0	0	0	0	0	0	0	0	0	0	0	0	0	0	0	0	0	0	0	0	0	0	0	0	0	0	0	0	0	0	0	0	0	0	0	0	0	0	0	0	0	0	0	0	0	0	0	0	0	0	0	0	0	0	1.89347e-15	1.53842e-12	4.67287e-10	6.64508e-08	4.54766e-06	0.00013939	0.00163535	0.00756596	0.0268447	0.0540886	0.0771874	0.0871547	0.0804294	0.0593966	0.0320436	0.0102513	0.00240268	0.000209632	9.03762e-06	1.98885e-07	2.19586e-09	1.21839e-11	
